P: I: D: Error: command:
0,0,0,159.609375,6.543984375
0,0,0,73.828125,3.026953125
0,0,0,6.09375,0.24984375
0,0,0,-28.125,-1.153125
0,0,0,-79.125,-3.244125
P: I: D: Error: command:
P: I: D: Error: command:
0,0,0,-249.0234375,-10.2099609375
0,0,0,-317.8515625,-13.0319140625
0,0,0,-333.046875,-13.654921875000001
0,0,0,-397.7109375,-15
0,0,0,-364.3828125,-14.939695312500001
0,0,0,-402.421875,-15
0,0,0,-264.515625,-10.845140625
0,0,0,-277.03125,-11.358281250000001
0,0,0,-61.50625,-2.52175625
0,0,0,-125.725,-5.154725
0,0,0,-160.50625,-6.58075625
0,0,0,-402.421875,-15
0,0,0,-392.578125,-15
0,0,0,-397.6875,-15
0,0,0,-419.203125,-15
0,0,0,-400.875,-15
0,0,0,-402.46875,-15
0,0,0,-408.046875,-15
0,0,0,-420.46875,-15
0,0,0,-456.1875,-15
0,0,0,-510.6328125,-15
0,0,0,-524.109375,-15
0,0,0,-521.4609375,-15
0,0,0,-514.59375,-15
0,0,0,-497.8125,-15
0,0,0,-532.2421875,-15
0,0,0,-493.6640625,-15
0,0,0,-428.578125,-15
0,0,0,-257.296875,-10.549171875
0,0,0,-44.53125,-1.8257812500000001
P: I: D: Error: command:
0,0,0,-253.125,-10.378125
0,0,0,-198.203125,-8.126328125
0,0,0,-159.234375,-6.528609375
0,0,0,-82.640625,-3.3882656250000003
0,0,0,-12.28125,-0.50353125
0,0,0,-51.5625,-2.1140625
0,0,0,-240.5625,-9.8630625
0,0,0,-424.78125,-15
0,0,0,-456.046875,-15
0,0,0,-462.1875,-15
0,0,0,-355.03125,-14.556281250000001
0,0,0,-244.828125,-10.037953125
0,0,0,-190.5,-7.8105
0,0,0,-186.328125,-7.639453125
0,0,0,-182.203125,-7.470328125
0,0,0,-180.5625,-7.4030625
0,0,0,-181.546875,-7.443421875
0,0,0,-177.703125,-7.285828125
0,0,0,-172.640625,-7.078265625
0,0,0,-170.484375,-6.989859375
0,0,0,-175.453125,-7.193578125
P: I: D: Error: command:
P: I: D: Error: command:
P: I: D: Error: command:
P: I: D: Error: command:
P: I: D: Error: command:
P: I: D: Error: command:
0,0,0,-724.5703125,-15
P: I: D: Error: command:
P: I: D: Error: command:
P: I: D: Error: command:
P: I: D: Error: command:
0,0,0,-23.4375,-0.9609375
0,0,0,-28.828125,-1.1819531250000002
0,0,0,-111.28125,-4.56253125
0,0,0,-189.0,-7.7490000000000006
0,0,0,-225.46875,-9.24421875
0,0,0,-226.171875,-9.273046875
0,0,0,-223.453125,-9.161578125
0,0,0,-222.5625,-9.1250625
0,0,0,-222.28125,-9.113531250000001
0,0,0,-224.90625,-9.22115625
0,0,0,-226.078125,-9.269203125
0,0,0,-109.78125,-4.5010312500000005
0,0,0,-23.53125,-0.96478125
0,0,0,5.15625,0.21140625000000002
0,0,0,-2.71875,-0.11146875
0,0,0,-26.34375,-1.08009375
0,0,0,-49.96875,-2.04871875
0,0,0,-66.421875,-2.723296875
0,0,0,-60.84375,-2.49459375
0,0,0,14.71875,0.60346875
0,0,0,101.015625,4.141640625
0,0,0,164.625,6.749625
0,0,0,182.109375,7.466484375
0,0,0,188.953125,7.747078125000001
0,0,0,71.90625,2.9481562500000003
0,0,0,-74.296875,-3.046171875
0,0,0,-166.546875,-6.828421875
0,0,0,-166.03125,-6.80728125
0,0,0,-165.046875,-6.766921875
0,0,0,-159.28125,-6.53053125
0,0,0,-169.21875,-6.9379687500000005
0,0,0,-91.3125,-3.7438125
0,0,0,-61.21875,-2.50996875
0,0,0,-117.609375,-4.821984375
0,0,0,-205.546875,-8.427421875
0,0,0,-165.140625,-6.770765625
0,0,0,-133.6640625,-5.4802265625
0,0,0,-58.21875,-2.3869687500000003
0,0,0,113.15625,4.63940625
0,0,0,195.1875,8.0026875
0,0,0,185.625,7.610625000000001
0,0,0,76.21875,3.1249687500000003
0,0,0,52.96875,2.17171875
0,0,0,26.0625,1.0685625
0,0,0,-6.140625,-0.251765625
0,0,0,-66.65625,-2.73290625
0,0,0,-282.8671875,-11.5975546875
0,0,0,-369.9609375,-15
0,0,0,-346.5234375,-14.2074609375
0,0,0,-281.4140625,-11.5379765625
0,0,0,-389.15625,-15
0,0,0,-339.046875,-13.900921875
0,0,0,-81.890625,-3.357515625
0,0,0,91.21875,3.73996875
0,0,0,60.65625,2.48690625
0,0,0,-106.3125,-4.3588125
0,0,0,-208.125,-8.533125
0,0,0,-215.4375,-8.8329375
0,0,0,-262.828125,-10.775953125000001
0,0,0,-290.765625,-11.921390625
0,0,0,-290.8125,-11.9233125
0,0,0,-290.34375,-11.904093750000001
0,0,0,-291.09375,-11.93484375
P: I: D: Error: command:
0,0,0,-376.171875,-15
0,0,0,-272.9296875,-11.1901171875
0,0,0,-257.2734375,-10.5482109375
0,0,0,-226.78125,-9.298031250000001
0,0,0,-254.8359375,-10.448273437500001
0,0,0,-273.4921875,-11.2131796875
0,0,0,-246.515625,-10.107140625
0,0,0,-268.4296875,-11.0056171875
0,0,0,-246.9140625,-10.1234765625
0,0,0,-243.796875,-9.995671875000001
0,0,0,-223.6171875,-9.168304687500001
0,0,0,-216.703125,-8.884828125
0,0,0,-206.671875,-8.473546875
0,0,0,-208.7109375,-8.5571484375
0,0,0,-262.6875,-10.7701875
0,0,0,-288.9375,-11.8464375
0,0,0,-273.3515625,-11.2074140625
0,0,0,-225.7265625,-9.2547890625
0,0,0,-212.578125,-8.715703125000001
0,0,0,-216.3046875,-8.868492187500001
0,0,0,-222.0703125,-9.1048828125
0,0,0,-225.515625,-9.246140625
0,0,0,-217.875,-8.932875000000001
0,0,0,-217.875,-8.932875000000001
0,0,0,-217.453125,-8.915578125
0,0,0,-217.2890625,-8.9088515625
0,0,0,-211.9921875,-8.6916796875
0,0,0,-222.046875,-9.103921875000001
0,0,0,-253.171875,-10.380046875
0,0,0,-261.140625,-10.706765625000001
0,0,0,-244.3828125,-10.0196953125
0,0,0,-267.7265625,-10.9767890625
0,0,0,-278.6015625,-11.4226640625
0,0,0,-309.46875,-12.68821875
0,0,0,-357.9140625,-14.6744765625
0,0,0,-371.203125,-15
0,0,0,-372.046875,-15
0,0,0,-376.21875,-15
0,0,0,-377.90625,-15
0,0,0,-378.609375,-15
0,0,0,-349.125,-14.314125
0,0,0,-321.65625,-13.187906250000001
0,0,0,-302.0625,-12.384562500000001
0,0,0,-299.953125,-12.298078125
0,0,0,-303.609375,-12.447984375
0,0,0,-304.5,-12.4845
0,0,0,-271.359375,-11.125734375
0,0,0,-271.125,-11.116125
0,0,0,-303.890625,-12.459515625
0,0,0,-302.953125,-12.421078125000001
0,0,0,-298.875,-12.253875
0,0,0,-297.5625,-12.200062500000001
0,0,0,-299.90625,-12.296156250000001
0,0,0,-289.21875,-11.857968750000001
0,0,0,-290.15625,-11.89640625
0,0,0,-299.53125,-12.28078125
0,0,0,-299.71875,-12.28846875
0,0,0,-298.6875,-12.246187500000001
0,0,0,-299.53125,-12.28078125
0,0,0,-303.703125,-12.451828125
0,0,0,-306.703125,-12.574828125
0,0,0,-299.9296875,-12.297117187500001
0,0,0,-311.4609375,-12.7698984375
0,0,0,-321.8203125,-13.1946328125
0,0,0,-170.484375,-6.989859375
0,0,0,26.671875,1.0935468750000001
0,0,0,114.75,4.70475
0,0,0,119.953125,4.918078125
0,0,0,121.265625,4.971890625
0,0,0,122.484375,5.021859375
0,0,0,122.671875,5.029546875
0,0,0,123.1875,5.0506875
0,0,0,118.125,4.843125000000001
0,0,0,-67.734375,-2.777109375
0,0,0,-255.890625,-10.491515625
0,0,0,-351.421875,-14.408296875000001
0,0,0,-355.3828125,-14.5706953125
0,0,0,-352.875,-14.467875000000001
0,0,0,-356.71875,-14.625468750000001
0,0,0,-356.390625,-14.612015625
0,0,0,-348.1171875,-14.2728046875
0,0,0,-306.84375,-12.58059375
0,0,0,-118.171875,-4.845046875
0,0,0,71.0859375,2.9145234375
0,0,0,127.359375,5.2217343750000005
0,0,0,56.34375,2.31009375
0,0,0,-64.03125,-2.62528125
0,0,0,-219.09375,-8.98284375
0,0,0,-198.421875,-8.135296875
0,0,0,-219.46875,-8.998218750000001
0,0,0,-303.9609375,-12.462398437500001
0,0,0,-379.640625,-15
0,0,0,-289.171875,-11.856046875
0,0,0,-219.6796875,-9.006867187500001
0,0,0,-169.921875,-6.966796875
0,0,0,-160.7109375,-6.5891484375000005
0,0,0,-125.015625,-5.125640625
0,0,0,-118.78125,-4.87003125
0,0,0,-116.390625,-4.772015625
0,0,0,-172.171875,-7.059046875
0,0,0,-260.34375,-10.67409375
0,0,0,-326.296875,-13.378171875000001
0,0,0,-318.1875,-13.045687500000001
0,0,0,-320.53125,-13.141781250000001
0,0,0,-266.53125,-10.92778125
0,0,0,-90.0,-3.69
0,0,0,91.359375,3.745734375
0,0,0,125.15625,5.13140625
0,0,0,122.953125,5.041078125
0,0,0,120.703125,4.948828125
0,0,0,118.828125,4.871953125
0,0,0,119.203125,4.887328125
0,0,0,119.578125,4.902703125
0,0,0,116.203125,4.7643281250000005
0,0,0,116.4375,4.773937500000001
0,0,0,117.1875,4.8046875
0,0,0,119.625,4.904625
0,0,0,120.75,4.95075
0,0,0,122.25,5.01225
0,0,0,123.1875,5.0506875
0,0,0,103.265625,4.233890625
0,0,0,66.703125,2.734828125
0,0,0,14.390625,0.590015625
0,0,0,28.359375,1.162734375
0,0,0,11.0625,0.45356250000000004
0,0,0,99.234375,4.068609375
0,0,0,194.484375,7.973859375
0,0,0,201.984375,8.281359375000001
0,0,0,201.0,8.241
0,0,0,175.640625,7.2012656250000004
0,0,0,38.671875,1.5855468750000001
0,0,0,-60.328125,-2.4734531250000003
0,0,0,-212.625,-8.717625
0,0,0,-103.21875,-4.23196875
0,0,0,42.140625,1.727765625
0,0,0,282.0,11.562000000000001
0,0,0,369.2515625,15
0,0,0,386.1265625,15
0,0,0,377.24375,15
0,0,0,112.171875,4.599046875
0,0,0,-80.859375,-3.315234375
0,0,0,51.515625,2.112140625
0,0,0,78.09375,3.20184375
0,0,0,144.796875,5.936671875
0,0,0,126.28125,5.17753125
0,0,0,53.109375,2.177484375
0,0,0,-24.75,-1.01475
0,0,0,-38.953125,-1.5970781250000001
0,0,0,-36.421875,-1.493296875
0,0,0,-35.390625,-1.4510156250000001
0,0,0,-28.40625,-1.16465625
0,0,0,-19.171875,-0.786046875
0,0,0,-18.65625,-0.76490625
0,0,0,-32.484375,-1.331859375
0,0,0,-77.4375,-3.1749375
0,0,0,-164.34375,-6.73809375
0,0,0,-180.234375,-7.389609375
0,0,0,-91.171875,-3.738046875
0,0,0,1.78125,0.07303125
0,0,0,5.484375,0.224859375
0,0,0,-3.515625,-0.144140625
0,0,0,-11.53125,-0.47278125000000004
0,0,0,-19.875,-0.814875
0,0,0,-23.671875,-0.970546875
0,0,0,-19.640625,-0.805265625
0,0,0,-10.640625,-0.43626562500000005
0,0,0,-7.453125,-0.30557812500000003
0,0,0,-4.921875,-0.20179687500000001
0,0,0,-5.15625,-0.21140625000000002
0,0,0,-0.46875,-0.01921875
0,0,0,-10.265625,-0.420890625
0,0,0,-73.2890625,-3.0048515625000003
0,0,0,-146.0859375,-5.9895234375
0,0,0,-165.4921875,-6.7851796875
0,0,0,-171.9140625,-7.0484765625
0,0,0,-174.7734375,-7.1657109375
0,0,0,-180.375,-7.3953750000000005
0,0,0,-186.84375,-7.66059375
0,0,0,-171.609375,-7.035984375
0,0,0,-101.578125,-4.164703125
0,0,0,-22.03125,-0.90328125
0,0,0,52.265625,2.142890625
0,0,0,80.0625,3.2825625
0,0,0,102.890625,4.218515625
0,0,0,71.953125,2.950078125
0,0,0,51.28125,2.10253125
0,0,0,-112.6875,-4.6201875
0,0,0,-217.59375,-8.92134375
P: I: D: Error: command:
P: I: D: Error: command:
P: I: D: Error: command:
P: I: D: Error: command:
P: I: D: Error: command:
P: I: D: Error: command:
P: I: D: Error: command:
P: I: D: Error: command:
P: I: D: Error: command:
P: I: D: Error: command:
P: I: D: Error: command:
P: I: D: Error: command:
